0111110011100000
0111000011000010
0101110110101000
0100010110010100
0010100010000110
0000100010000000
1110100010000010
1100101010001100
1010111010011101
1001100010110101
1000100111010001
1000000111110000
1000000100010000
1000100100101111
1001100001001011
1010111001100011
1100101001110100
1110100001111110
0000100010000000
0010100001111010
0100010101101100
0101110101011000
0111000000111110
0111110000100000
1000000000000000
0111110011100000
0111000011000010
0101110110101000
0100010110010100
0010100010000110
0000100010000000
1110100010000010
1100101010001100
1010111010011101
1001100010110101
1000100111010001
1000000111110000
1000000100010000
1000100100101111
1001100001001011
1010111001100011
1100101001110100
1110100001111110
0000100010000000
0010100001111010
0100010101101100
0101110101011000
0111000000111110
0111110000100000
1000000000000000
0111110011100000
0111000011000010
0101110110101000
0100010110010100
0010100010000110
0000100010000000
1110100010000010
1100101010001100
1010111010011101
1001100010110101
1000100111010001
1000000111110000
1000000100010000
1000100100101111
1001100001001011
1010111001100011
1100101001110100
1110100001111110
0000100010000000
0010100001111010
0100010101101100
0101110101011000
0111000000111110
0111110000100000
1000000000000000
0111110011100000
0111000011000010
0101110110101000
0100010110010100
0010100010000110
0000100010000000
1110100010000010
1100101010001100
1010111010011101
1001100010110101
1000100111010001
1000000111110000
1000000100010000
1000100100101111
1001100001001011
1010111001100011
1100101001110100
1110100001111110
0000100010000000
0010100001111010
0100010101101100
0101110101011000
0111000000111110
0111110000100000
1000000000000000
0111110011100000
0111000011000010
0101110110101000
0100010110010100
0010100010000110
0000100010000000
1110100010000010
1100101010001100
1010111010011101
1001100010110101
1000100111010001
1000000111110000
1000000100010000
1000100100101111
1001100001001011
1010111001100011
1100101001110100
1110100001111110
0000100010000000
0010100001111010
0100010101101100
0101110101011000
0111000000111110
0111110000100000
1000000000000000
0111110011100000
0111000011000010
0101110110101000
0100010110010100
0010100010000110
0000100010000000
1110100010000010
1100101010001100
1010111010011101
1001100010110101
1000100111010001
1000000111110000
1000000100010000
1000100100101111
1001100001001011
1010111001100011
1100101001110100
1110100001111110
0000100010000000
0010100001111010
0100010101101100
0101110101011000
0111000000111110
0111110000100000
1000000000000000
0111110011100000
0111000011000010
0101110110101000
0100010110010100
0010100010000110
0000100010000000
1110100010000010
1100101010001100
1010111010011101
1001100010110101
1000100111010001
1000000111110000
1000000100010000
1000100100101111
1001100001001011
1010111001100011
1100101001110100
1110100001111110
0000100010000000
0010100001111010
0100010101101100
0101110101011000
0111000000111110
0111110000100000
1000000000000000
0111110011100000
0111000011000010
0101110110101000
0100010110010100
0010100010000110
0000100010000000
1110100010000010
1100101010001100
1010111010011101
1001100010110101
1000100111010001
1000000111110000
1000000100010000
1000100100101111
1001100001001011
1010111001100011
1100101001110100
1110100001111110
0000100010000000
0010100001111010
0100010101101100
0101110101011000
0111000000111110
0111110000100000
1000000000000000
0111110011100000
0111000011000010
0101110110101000
0100010110010100
0010100010000110
0000100010000000
1110100010000010
1100101010001100
1010111010011101
1001100010110101
1000100111010001
1000000111110000
1000000100010000
1000100100101111
1001100001001011
1010111001100011
1100101001110100
1110100001111110
0000100010000000
0010100001111010
0100010101101100
0101110101011000
0111000000111110
0111110000100000
1000000000000000
0111110011100000
0111000011000010
0101110110101000
0100010110010100
0010100010000110
0000100010000000
1110100010000010
1100101010001100
1010111010011101
1001100010110101
1000100111010001
1000000111110000
1000000100010000
1000100100101111
1001100001001011
1010111001100011
1100101001110100
1110100001111110
0000100010000000
0010100001111010
0100010101101100
0101110101011000
0111000000111110
0111110000100000
1000000000000000
0111110011100000
0111000011000010
0101110110101000
0100010110010100
0010100010000110
0000100010000000
1110100010000010
1100101010001100
1010111010011101
1001100010110101
1000100111010001
1000000111110000
1000000100010000
1000100100101111
1001100001001011
1010111001100011
1100101001110100
1110100001111110
0000100010000000
0010100001111010
0100010101101100
0101110101011000
0111000000111110
0111110000100000
1000000000000000
0111110011100000
0111000011000010
0101110110101000
0100010110010100
0010100010000110
0000100010000000
1110100010000010
1100101010001100
1010111010011101
1001100010110101
1000100111010001
1000000111110000
1000000100010000
1000100100101111
1001100001001011
1010111001100011
1100101001110100
1110100001111110
0000100010000000
0010100001111010
0100010101101100
0101110101011000
0111000000111110
0111110000100000
1000000000000000
0111110011100000
0111000011000010
0101110110101000
0100010110010100
0010100010000110
0000100010000000
1110100010000010
1100101010001100
1010111010011101
1001100010110101
1000100111010001
1000000111110000
1000000100010000
1000100100101111
1001100001001011
1010111001100011
1100101001110100
1110100001111110
0000100010000000
0010100001111010
0100010101101100
0101110101011000
0111000000111110
0111110000100000
1000000000000000
0111110011100000
0111000011000010
0101110110101000
0100010110010100
0010100010000110
0000100010000000
1110100010000010
1100101010001100
1010111010011101
1001100010110101
1000100111010001
1000000111110000
1000000100010000
1000100100101111
1001100001001011
1010111001100011
1100101001110100
1110100001111110
0000100010000000
0010100001111010
0100010101101100
0101110101011000
0111000000111110
0111110000100000
1000000000000000
0111110011100000
0111000011000010
0101110110101000
0100010110010100
0010100010000110
0000100010000000
1110100010000010
1100101010001100
1010111010011101
1001100010110101
1000100111010001
1000000111110000
1000000100010000
1000100100101111
1001100001001011
1010111001100011
1100101001110100
1110100001111110
0000100010000000
0010100001111010
0100010101101100
0101110101011000
0111000000111110
0111110000100000
1000000000000000
0111110011100000
0111000011000010
0101110110101000
0100010110010100
0010100010000110
0000100010000000
1110100010000010
1100101010001100
1010111010011101
1001100010110101
1000100111010001
1000000111110000
1000000100010000
1000100100101111
1001100001001011
1010111001100011
1100101001110100
1110100001111110
0000100010000000
0010100001111010
0100010101101100
0101110101011000
0111000000111110
0111110000100000
1000000000000000
0111110011100000
0111000011000010
0101110110101000
0100010110010100
0010100010000110
0000100010000000
1110100010000010
1100101010001100
1010111010011101
1001100010110101
1000100111010001
1000000111110000
1000000100010000
1000100100101111
1001100001001011
1010111001100011
1100101001110100
1110100001111110
0000100010000000
0010100001111010
0100010101101100
0101110101011000
0111000000111110
0111110000100000
1000000000000000
0111110011100000
0111000011000010
0101110110101000
0100010110010100
0010100010000110
0000100010000000
1110100010000010
1100101010001100
1010111010011101
1001100010110101
1000100111010001
1000000111110000
1000000100010000
1000100100101111
1001100001001011
1010111001100011
1100101001110100
1110100001111110
0000100010000000
0010100001111010
0100010101101100
0101110101011000
0111000000111110
0111110000100000
1000000000000000
0111110011100000
0111000011000010
0101110110101000
0100010110010100
0010100010000110
0000100010000000
1110100010000010
1100101010001100
1010111010011101
1001100010110101
1000100111010001
1000000111110000
1000000100010000
1000100100101111
1001100001001011
1010111001100011
1100101001110100
1110100001111110
0000100010000000
0010100001111010
0100010101101100
0101110101011000
0111000000111110
0111110000100000
1000000000000000
0111110011100000
0111000011000010
0101110110101000
0100010110010100
0010100010000110
0000100010000000
1110100010000010
1100101010001100
1010111010011101
1001100010110101
1000100111010001
1000000111110000
1000000100010000
1000100100101111
1001100001001011
1010111001100011
1100101001110100
1110100001111110
0000100010000000
0010100001111010
0100010101101100
0101110101011000
0111000000111110
0111110000100000
1000000000000000
0111110011100000
0111000011000010
0101110110101000
0100010110010100
0010100010000110
0000100010000000
1110100010000010
1100101010001100
1010111010011101
1001100010110101
1000100111010001
1000000111110000
1000000100010000
1000100100101111
1001100001001011
1010111001100011
1100101001110100
1110100001111110
0000100010000000
0010100001111010
0100010101101100
0101110101011000
0111000000111110
0111110000100000
1000000000000000
0111110011100000
0111000011000010
0101110110101000
0100010110010100
0010100010000110
0000100010000000
1110100010000010
1100101010001100
1010111010011101
1001100010110101
1000100111010001
1000000111110000
1000000100010000
1000100100101111
1001100001001011
1010111001100011
1100101001110100
1110100001111110
0000100010000000
0010100001111010
0100010101101100
0101110101011000
0111000000111110
0111110000100000
1000000000000000
0111110011100000
0111000011000010
0101110110101000
0100010110010100
0010100010000110
0000100010000000
1110100010000010
1100101010001100
1010111010011101
1001100010110101
1000100111010001
1000000111110000
1000000100010000
1000100100101111
1001100001001011
1010111001100011
1100101001110100
1110100001111110
0000100010000000
0010100001111010
0100010101101100
0101110101011000
0111000000111110
0111110000100000
1000000000000000
0111110011100000
0111000011000010
0101110110101000
0100010110010100
0010100010000110
0000100010000000
1110100010000010
1100101010001100
1010111010011101
1001100010110101
1000100111010001
1000000111110000
1000000100010000
1000100100101111
1001100001001011
1010111001100011
1100101001110100
1110100001111110
0000100010000000
0010100001111010
0100010101101100
0101110101011000
0111000000111110
0111110000100000
1000000000000000
0111110011100000
0111000011000010
0101110110101000
0100010110010100
0010100010000110
0000100010000000
1110100010000010
1100101010001100
1010111010011101
1001100010110101
1000100111010001
1000000111110000
1000000100010000
1000100100101111
1001100001001011
1010111001100011
1100101001110100
1110100001111110
0000100010000000
0010100001111010
0100010101101100
0101110101011000
0111000000111110
0111110000100000
1000000000000000
0111110011100000
0111000011000010
0101110110101000
0100010110010100
0010100010000110
0000100010000000
1110100010000010
1100101010001100
1010111010011101
1001100010110101
1000100111010001
1000000111110000
1000000100010000
1000100100101111
1001100001001011
1010111001100011
1100101001110100
1110100001111110
0000100010000000
0010100001111010
0100010101101100
0101110101011000
0111000000111110
0111110000100000
1000000000000000
0111110011100000
0111000011000010
0101110110101000
0100010110010100
0010100010000110
0000100010000000
1110100010000010
1100101010001100
1010111010011101
1001100010110101
1000100111010001
1000000111110000
1000000100010000
1000100100101111
1001100001001011
1010111001100011
1100101001110100
1110100001111110
0000100010000000
0010100001111010
0100010101101100
0101110101011000
0111000000111110
0111110000100000
1000000000000000
0111110011100000
0111000011000010
0101110110101000
0100010110010100
0010100010000110
0000100010000000
1110100010000010
1100101010001100
1010111010011101
1001100010110101
1000100111010001
1000000111110000
1000000100010000
1000100100101111
1001100001001011
1010111001100011
1100101001110100
1110100001111110
0000100010000000
0010100001111010
0100010101101100
0101110101011000
0111000000111110
0111110000100000
1000000000000000
0111110011100000
0111000011000010
0101110110101000
0100010110010100
0010100010000110
0000100010000000
1110100010000010
1100101010001100
1010111010011101
1001100010110101
1000100111010001
1000000111110000
1000000100010000
1000100100101111
1001100001001011
1010111001100011
1100101001110100
1110100001111110
0000100010000000
0010100001111010
0100010101101100
0101110101011000
0111000000111110
0111110000100000
1000000000000000
0111110011100000
0111000011000010
0101110110101000
0100010110010100
0010100010000110
0000100010000000
1110100010000010
1100101010001100
1010111010011101
1001100010110101
1000100111010001
1000000111110000
1000000100010000
1000100100101111
1001100001001011
1010111001100011
1100101001110100
1110100001111110
0000100010000000
0010100001111010
0100010101101100
0101110101011000
0111000000111110
0111110000100000
1000000000000000
0111110011100000
0111000011000010
0101110110101000
0100010110010100
0010100010000110
0000100010000000
1110100010000010
1100101010001100
1010111010011101
1001100010110101
1000100111010001
1000000111110000
1000000100010000
1000100100101111
1001100001001011
1010111001100011
1100101001110100
1110100001111110
0000100010000000
0010100001111010
0100010101101100
0101110101011000
0111000000111110
0111110000100000
1000000000000000
0111110011100000
0111000011000010
0101110110101000
0100010110010100
0010100010000110
0000100010000000
1110100010000010
1100101010001100
1010111010011101
1001100010110101
1000100111010001
1000000111110000
1000000100010000
1000100100101111
1001100001001011
1010111001100011
1100101001110100
1110100001111110
0000100010000000
0010100001111010
0100010101101100
0101110101011000
0111000000111110
0111110000100000
1000000000000000
0111110011100000
0111000011000010
0101110110101000
0100010110010100
0010100010000110
0000100010000000
1110100010000010
1100101010001100
1010111010011101
1001100010110101
1000100111010001
1000000111110000
1000000100010000
1000100100101111
1001100001001011
1010111001100011
1100101001110100
1110100001111110
0000100010000000
0010100001111010
0100010101101100
0101110101011000
0111000000111110
0111110000100000
1000000000000000
0111110011100000
0111000011000010
0101110110101000
0100010110010100
0010100010000110
0000100010000000
1110100010000010
1100101010001100
1010111010011101
1001100010110101
1000100111010001
1000000111110000
1000000100010000
1000100100101111
1001100001001011
1010111001100011
1100101001110100
1110100001111110
0000100010000000
0010100001111010
0100010101101100
0101110101011000
0111000000111110
0111110000100000
1000000000000000
0111110011100000
0111000011000010
0101110110101000
0100010110010100
0010100010000110
0000100010000000
1110100010000010
1100101010001100
1010111010011101
1001100010110101
1000100111010001
1000000111110000
1000000100010000
1000100100101111
1001100001001011
1010111001100011
1100101001110100
1110100001111110
0000100010000000
0010100001111010
0100010101101100
0101110101011000
0111000000111110
0111110000100000
1000000000000000
0111110011100000
0111000011000010
0101110110101000
0100010110010100
0010100010000110
0000100010000000
1110100010000010
1100101010001100
1010111010011101
1001100010110101
1000100111010001
1000000111110000
1000000100010000
1000100100101111
1001100001001011
1010111001100011
1100101001110100
1110100001111110
0000100010000000
0010100001111010
0100010101101100
0101110101011000
0111000000111110
0111110000100000
1000000000000000
0111110011100000
0111000011000010
0101110110101000
0100010110010100
0010100010000110
0000100010000000
1110100010000010
1100101010001100
1010111010011101
1001100010110101
1000100111010001
1000000111110000
1000000100010000
1000100100101111
1001100001001011
1010111001100011
1100101001110100
1110100001111110
0000100010000000
0010100001111010
0100010101101100
0101110101011000
0111000000111110
0111110000100000
1000000000000000
0111110011100000
0111000011000010
0101110110101000
0100010110010100
0010100010000110
0000100010000000
1110100010000010
1100101010001100
1010111010011101
1001100010110101
1000100111010001
1000000111110000
1000000100010000
1000100100101111
1001100001001011
1010111001100011
1100101001110100
1110100001111110
0000100010000000
0010100001111010
0100010101101100
0101110101011000
0111000000111110
0111110000100000
1000000000000000
0111110011100000
0111000011000010
0101110110101000
0100010110010100
0010100010000110
0000100010000000
1110100010000010
1100101010001100
1010111010011101
1001100010110101
1000100111010001
1000000111110000
1000000100010000
1000100100101111
1001100001001011
1010111001100011
1100101001110100
1110100001111110
0000100010000000
0010100001111010
0100010101101100
0101110101011000
0111000000111110
0111110000100000
1000000000000000
0111110011100000
0111000011000010
0101110110101000
0100010110010100
0010100010000110
0000100010000000
1110100010000010
1100101010001100
1010111010011101
1001100010110101
1000100111010001
1000000111110000
1000000100010000
1000100100101111
1001100001001011
1010111001100011
1100101001110100
1110100001111110
0000100010000000
0010100001111010
0100010101101100
0101110101011000
0111000000111110
0111110000100000
1000000000000000
0111110011100000
0111000011000010
0101110110101000
0100010110010100
0010100010000110
0000100010000000
1110100010000010
1100101010001100
1010111010011101
1001100010110101
1000100111010001
1000000111110000
1000000100010000
1000100100101111
1001100001001011
1010111001100011
1100101001110100
1110100001111110
0000100010000000
0010100001111010
0100010101101100
0101110101011000
0111000000111110
0111110000100000
